600811
600300
000850
600635
000563
000520
000539
000939
300079
600780
600269
000718
000761
000680
600462
601588
600433
600812
000545
000564
000521
000573
600078
600210
600873
600336
002314
600028
601898
600642
600350
002436
601008
000778
600185
600261
000961
002248
600688
000937
600277
600675
000698
000862
601998
002400
000838
000599
601199
001896
000027
002288
300301
000558
601968
000415
000707
002420
002348
002099
002169
000965
000620
600375
600339
002259
002076
600461
300094
002503
300198
600393
300107
000571
002702
600710
000959
600011
000530
600517
000863
600975
002226
601117
600589
300002
000570
600684
300150
000409
000958
300005
300028
600126
601717
002083
600610
600805
600778
000758
600098
000899
300315
600662
600050
000908
000890
600249
002160
600325
000518
002172
000876
000587
000514
600509
600353
000017
600531
000416
002688
600395
600936
002539
600131
000813
002215
300210
000338
000655
000892
601669
002547
000611
002220
300332
002342
000046
300099
601890
600769
000012
601718
000066
601128
600505
600758
000812
600919
002267
002211
600139
300341
000702
601038
000531
000089
000679
601101
601375
000912
000061
600802
600939
002671
603618
600069
000088
300356
600908
000510
000565
600722
002538
600791
000619
002261
600483
002291
002164
002388
000613
600576
000628
300151
600116
600356
002155
600652
002033
002542
300162
000036
300095
002807
600649
600177
002615
002106
300088
600727
002046
002175
600101
002126
000430
000533
300116
600959
600068
603023
600489
600133
000600
603323
600761
002551
000719
000507
000919
002553
002065
600658
002630
002465
600376
000888
603901
002537
600021
600894
600834
603828
000911
002339
002208
600100
300279
600093
002187
002707
300177
300041
002434
600153
600861
600717
000852
600099
603118
002043
600838
600857
600987
300459
002376
002591
000701
601801
600678
600188
601633
603608
002113
600110
002494
002686
002198
600986
000032
002350
601500
300320
002250
002254
002037
002147
002331
600113
600843
300299
000603
600155
600926
600306
300440
300313
300360
002705
600967
600501
002736
002839
603126
000609
600004
601677
000625
300196
600158
002730
600643
600435
300032
603003
600135
603885
300381
600463
002054
002307
002143
300534
300232
603818
601997
002246
